23.29924, 24.32871
23.42521, 24.43158
23.54362, 24.70906
23.66768, 24.81486
23.77813, 24.84907
23.89850, 24.84907
24.01356, 24.98893
24.13824, 24.99369
24.25341, 25.24090
24.36681, 25.25560
24.48240, 25.53499
24.60234, 25.62261
24.71567, 25.78801
24.82864, 25.78801
24.94705, 25.86643
25.05914, 25.93093
25.16759, 26.08079
25.27835, 26.33839
25.38147, 26.50225
25.49459, 26.50225
25.59578, 26.76435
25.70221, 26.76435
25.80126, 26.81261
25.90791, 26.85042
26.00622, 27.14115
26.09896, 27.14115
26.19895, 27.14115
26.29820, 27.15507
26.38975, 27.32981
26.48499, 27.32981
26.58109, 27.73616
26.66702, 27.73616
26.75407, 27.73616
26.84267, 27.73616
26.92513, 27.84949
27.01442, 28.15083
27.09481, 28.15083
27.18070, 28.15083
27.25942, 28.20670
27.33939, 28.30571
27.41360, 28.30571
27.49375, 28.33738
27.56649, 28.39584
27.64313, 28.45522
27.70125, 28.64768
27.77175, 28.64768
27.83479, 28.64768
27.90255, 28.80261
27.96727, 28.90744
28.02898, 28.90744
28.08801, 28.92068
28.15402, 29.07232
28.20856, 29.07232
28.27790, 29.13916
28.33257, 29.25240
28.38991, 29.31012
28.44595, 29.31012
28.49983, 29.36308
28.55588, 29.43316
28.61756, 29.43316
28.66732, 29.50176
28.72619, 29.85725
28.76817, 29.85725
28.81881, 29.85725
28.88187, 29.85725
28.93207, 29.85725
28.97378, 29.85725
29.02108, 29.95156
29.06344, 29.97798
29.11162, 30.20424
29.16027, 30.20424
29.20420, 30.20424
29.24960, 30.20424
29.29417, 30.20424
29.33669, 30.20424
29.38298, 30.41006
29.42108, 30.41006
29.45565, 30.41006
29.50173, 30.51702
29.54806, 30.51702
29.58572, 30.53012
29.61457, 30.53012
29.65601, 30.78941
29.69475, 30.78941
29.73552, 30.78941
29.76674, 30.78941
29.80404, 30.78941
29.85121, 30.80309
29.88877, 30.80309
29.92049, 30.82589
29.95641, 30.93807
29.99154, 30.93807
30.03273, 30.93807
30.07124, 31.18271
30.10802, 31.18271
30.13952, 31.18271
30.17905, 31.18271
30.21081, 31.18271
30.25277, 31.18271
30.28288, 31.18271
30.31881, 31.18866
30.35408, 31.18866
30.38824, 31.18866
30.42620, 31.29537
30.45718, 31.34794
30.48938, 31.42000
30.52708, 31.42000
30.56299, 31.43308
30.58696, 31.43308
30.62235, 31.50107
30.66306, 31.51920
30.69772, 31.78660
30.72743, 31.78660
30.75528, 31.78660
30.79071, 31.78660
30.81898, 31.78660
30.84949, 31.78660
30.88026, 31.78660
30.92128, 31.78660
30.95827, 31.94563
30.99113, 31.94563
31.02780, 31.94563
31.06221, 31.94563
31.09707, 32.09709
31.12000, 32.09709
31.15708, 32.09709
31.19587, 32.19112
31.22719, 32.19112
31.26236, 32.19112
31.29787, 32.19112
31.32510, 32.19112
31.35813, 32.19112
31.39343, 32.30995
31.42036, 32.30995
31.46171, 32.34957
31.48803, 32.34957
31.52377, 32.34957
31.55842, 32.38103
31.58981, 32.38103
31.62626, 32.40555
31.65333, 32.42301
31.68693, 32.43172
31.72120, 32.49744
31.75803, 32.51955
31.79095, 32.56527
31.81731, 32.56527
31.85570, 32.67847
31.89028, 32.67847
31.92261, 32.71223
31.95212, 32.85397
31.98879, 32.85397
32.02123, 32.85397
32.05106, 32.85397
32.08148, 32.85397
32.11453, 32.87060
32.13598, 32.92393
32.16497, 33.08035
32.19893, 33.08035
32.22301, 33.08035
32.25916, 33.39162
32.29062, 33.39162
32.32398, 33.39162
32.35310, 33.39162
32.38657, 33.39162
32.41871, 33.39162
32.45254, 33.39162
32.48202, 33.39162
32.51596, 33.39162
32.54861, 33.39162
32.57236, 33.39162
32.60658, 33.39162
32.62827, 33.39162
32.66997, 33.43527
32.69890, 33.54076
32.73008, 33.54076
32.76195, 33.54076
32.79390, 33.54076
32.82131, 33.56071
32.85547, 33.62093
32.88410, 33.62093
32.91762, 33.62093
32.94949, 33.67958
32.97700, 33.70187
33.00826, 33.75987
33.03711, 33.77671
33.07173, 33.84297
33.09852, 33.84297
33.12926, 33.86762
33.15376, 33.94984
33.18379, 33.94984
33.22294, 34.02510
33.25280, 34.02510
33.27782, 34.02510
33.30551, 34.13908
33.33668, 34.13908
33.36168, 34.13908
33.39076, 34.13908
33.42006, 34.13908
33.44581, 34.13908
33.48027, 34.13908
33.50852, 34.21549
33.53508, 34.21549
33.55825, 34.26159
33.59179, 34.27253
33.61758, 34.53602
33.64296, 34.53602
33.66862, 34.53602
33.69921, 34.58227
33.73737, 34.58227
33.76362, 34.58227
33.79095, 34.58227
33.81435, 34.58227
33.84803, 34.58227
33.88237, 34.58227
33.91160, 34.64415
33.93293, 34.64415
33.96463, 34.70381
33.99226, 34.74417
34.01907, 34.74417
34.04450, 34.74417
34.07048, 34.82482
34.10041, 34.82482
34.12804, 34.85355
34.15474, 34.85355
34.17810, 34.92275
34.21051, 34.92275
34.23805, 34.92275
34.26649, 34.97006
34.29183, 34.98599
34.32207, 34.98599
34.35425, 34.98599
34.37065, 35.04322
34.39786, 35.11680
34.42509, 35.11680
34.45422, 35.11680
34.47660, 35.11680
34.50745, 35.25114
34.53383, 35.25114
34.55941, 35.25746
34.59069, 35.25746
34.62153, 35.26472
34.64219, 35.26472
34.67441, 35.26472
34.69372, 35.31402
34.73009, 35.35868
34.75401, 35.36783
34.77895, 35.36783
34.80136, 35.36783
34.83091, 35.42173
34.85367, 35.43760
34.88238, 35.44990
34.90983, 35.60788
34.93924, 35.60788
34.96781, 35.60788
34.99708, 35.62400
35.01993, 35.65926
35.04629, 35.67506
35.06767, 35.67982
35.09336, 35.67982
35.12469, 35.69169
35.15020, 35.69169
35.17095, 35.87439
35.19613, 35.87439
35.22494, 35.87439
35.25495, 35.87439
35.27521, 35.87439
35.30512, 35.87439
35.32583, 35.95836
35.35491, 35.95836
35.38319, 35.95836
35.40509, 35.95836
35.43315, 35.95836
35.45785, 35.98768
35.48251, 36.00218
35.50437, 36.04203
35.52743, 36.06600
35.55695, 36.06600
35.57910, 36.12131
35.61017, 36.17552
35.63345, 36.17552
35.65695, 36.22953
35.68168, 36.22953
35.70765, 36.22953
35.73374, 36.34771
35.75451, 36.34771
35.78140, 36.34771
35.80777, 36.35750
35.82841, 36.45477
35.85393, 36.45477
35.87633, 36.45477
35.89979, 36.45477
35.92500, 36.45477
35.94596, 36.50873
35.96869, 36.57758
35.99210, 36.57758
36.01724, 36.57758
36.03924, 36.57758
36.06094, 36.58179
36.08574, 36.64074
36.10850, 36.64074
36.13241, 36.64074
36.15505, 36.77369
36.17758, 36.77369
36.19879, 36.77369
36.22720, 36.82908
36.24666, 36.82908
36.27261, 36.82908
36.29547, 36.82908
36.31787, 36.82908
36.33710, 36.84157
36.35984, 36.84996
36.38372, 36.84996
36.40755, 36.84996
36.42875, 36.84996
36.45288, 36.95734
36.47676, 36.95734
36.49868, 37.00388
36.52064, 37.01506
36.54169, 37.01506
36.56364, 37.01506
36.58594, 37.15511
36.60788, 37.15511
36.63089, 37.15511
36.65077, 37.17396
36.67952, 37.17396
36.69638, 37.17396
36.71927, 37.17396
36.74272, 37.17941
36.76679, 37.17941
36.79119, 37.30299
36.81489, 37.30299
36.83860, 37.30299
36.85822, 37.30299
36.88133, 37.32389
36.90583, 37.34236
36.92496, 37.34236
36.94832, 37.43649
36.97052, 37.43857
36.99134, 37.43857
37.00985, 37.53440
37.03342, 37.53440
37.05451, 37.53440
37.07838, 37.53440
37.09763, 37.55068
37.12168, 37.55068
37.14127, 37.55068
37.16453, 37.57368
37.18499, 37.58498
37.20652, 37.69194
37.22882, 37.69194
37.24972, 37.69194
37.27288, 37.69194
37.29503, 37.75617
37.31571, 37.75617
37.33831, 37.75617
37.35708, 37.75617
37.37969, 37.75617
37.40408, 37.92398
37.42450, 37.92398
37.44732, 37.92398
37.46724, 37.92398
37.48884, 37.92398
37.51256, 37.92398
37.53150, 37.93984
37.55372, 37.93984
37.57438, 37.94592
37.59467, 37.97179
37.61482, 37.97923
37.63618, 38.09508
37.65489, 38.09508
37.68104, 38.09508
37.69708, 38.09508
37.71731, 38.11104
37.73861, 38.11104
37.76076, 38.14905
37.77943, 38.15462
37.80067, 38.15462
37.82173, 38.17117
37.84252, 38.17117
37.86161, 38.24302
37.88244, 38.28429
37.90277, 38.28429
37.92159, 38.36436
37.94302, 38.36436
37.96284, 38.36436
37.98392, 38.36436
38.00351, 38.36436
38.02303, 38.36436
38.04356, 38.41192
38.06118, 38.41192
38.08142, 38.41192
38.10240, 38.43376
38.12031, 38.43376
38.14211, 38.44429
38.15961, 38.47994
38.18059, 38.52839
38.19926, 38.52839
38.21956, 38.54655
38.23872, 38.56411
38.25678, 38.57650
38.27539, 38.57967
38.29373, 38.61199
38.31314, 38.62079
38.33086, 38.62957
38.35124, 38.64783
38.37030, 38.70217
38.38653, 38.70217
38.40590, 38.72454
38.42481, 38.72454
38.44389, 38.73471
38.46393, 38.79416
38.47812, 38.79416
38.49970, 38.79416
38.51949, 38.79416
38.53814, 38.83553
38.55588, 38.83555
38.57346, 38.86938
38.59198, 38.93423
38.61118, 38.93423
38.62759, 38.94849
38.64638, 38.94849
38.66322, 38.94849
38.67979, 38.94849
38.70009, 38.98357
38.71700, 39.00312
38.73426, 39.05505
38.75090, 39.05505
38.76812, 39.05505
38.78388, 39.07543
38.80281, 39.07543
38.81882, 39.11016
38.83497, 39.11432
38.85022, 39.11432
38.86581, 39.11432
38.88508, 39.11998
38.89837, 39.19005
38.91664, 39.19005
38.93232, 39.19005
38.94729, 39.19780
38.96358, 39.22876
38.97983, 39.27997
38.99485, 39.27997
39.01162, 39.27997
39.02728, 39.27997
39.04301, 39.27997
39.05635, 39.30774
39.07220, 39.30774
39.08715, 39.34652
39.10310, 39.34652
39.11732, 39.36894
39.13323, 39.39983
39.14685, 39.39983
39.16287, 39.39983
39.17814, 39.45488
39.19469, 39.45488
39.20856, 39.45488
39.22491, 39.45488
39.24006, 39.47147
39.25654, 39.47147
39.27049, 39.49534
39.28485, 39.49534
39.30066, 39.53779
39.31531, 39.54964
39.33003, 39.55261
39.34479, 39.56175
39.35880, 39.57384
39.37455, 39.61648
39.38740, 39.61648
39.40182, 39.63018
39.41640, 39.64279
39.43068, 39.67665
39.44481, 39.67665
39.45930, 39.67665
39.47432, 39.67665
39.48870, 39.67665
39.50235, 39.72227
39.51502, 39.72227
39.52969, 39.72227
39.54271, 39.77274
39.55879, 39.77274
39.57188, 39.79652
39.58602, 39.79652
39.60060, 39.79933
39.61338, 39.81274
39.62656, 39.84312
39.64107, 39.84312
39.65182, 39.85769
39.66587, 39.85769
39.67848, 39.85769
39.69318, 39.88347
39.70470, 39.88638
39.71773, 39.88638
39.73270, 39.92004
39.74494, 39.93523
39.75726, 39.96038
39.77240, 39.96038
39.78448, 39.97821
39.79517, 39.97821
39.80872, 39.97821
39.82118, 40.00014
39.83440, 40.01019
39.84703, 40.01019
39.85858, 40.01775
39.87102, 40.01775
39.88318, 40.06463
39.89471, 40.08041
39.90707, 40.08041
39.91995, 40.09634
39.93167, 40.09773
39.94236, 40.11476
39.95496, 40.11476
39.96562, 40.15217
39.97786, 40.15217
39.98775, 40.15217
40.00041, 40.15673
40.01158, 40.16253
40.02291, 40.17302
40.03426, 40.18557
40.04572, 40.18557
40.05670, 40.23089
40.06803, 40.25425
40.07912, 40.25425
40.08971, 40.25425
40.10190, 40.25425
40.11247, 40.25425
40.12209, 40.26563
40.13201, 40.27629
40.14291, 40.27949
40.15281, 40.29929
40.16382, 40.29929
40.17359, 40.30218
40.18379, 40.31889
40.19353, 40.33985
40.20294, 40.33985
40.21302, 40.34246
40.22462, 40.36586
40.23468, 40.38293
40.24476, 40.38293
40.25428, 40.38293
40.26428, 40.38293
40.27411, 40.38973
40.28444, 40.41273
40.29455, 40.41273
40.30382, 40.42050
40.31263, 40.44446
40.32244, 40.44446
40.33102, 40.46893
40.34001, 40.46893
40.34972, 40.46893
40.35863, 40.48189
40.36795, 40.49677
40.37736, 40.50130
40.38680, 40.50421
40.39558, 40.50421
40.40372, 40.51445
40.41266, 40.52485
40.42168, 40.54094
40.43021, 40.54094
40.43917, 40.55035
40.44739, 40.55636
40.45537, 40.57666
40.46276, 40.57666
40.47090, 40.57666
40.47852, 40.58249
40.48721, 40.59502
40.49453, 40.59502
40.50229, 40.60756
40.51027, 40.62039
40.51793, 40.63624
40.52603, 40.63624
40.53407, 40.63624
40.54236, 40.63624
40.54979, 40.64863
40.55799, 40.66450
40.56547, 40.66450
40.57389, 40.67140
40.58111, 40.67140
40.58892, 40.68547
40.59686, 40.69476
40.60392, 40.70409
40.61139, 40.70409
40.61849, 40.71085
40.62567, 40.74232
40.63343, 40.74232
40.64032, 40.74232
40.64749, 40.74232
40.65503, 40.74232
40.66289, 40.77154
40.66998, 40.77154
40.67709, 40.77154
40.68440, 40.77746
40.69041, 40.77746
40.69803, 40.78717
40.70460, 40.79301
40.71114, 40.81889
40.71742, 40.81889
40.72409, 40.81889
40.73026, 40.81889
40.73732, 40.82281
40.74374, 40.82948
40.75029, 40.83397
40.75749, 40.83397
40.76418, 40.84408
40.76988, 40.86579
40.77656, 40.86579
40.78268, 40.86579
40.78919, 40.88592
40.79497, 40.88592
40.80026, 40.88592
40.80674, 40.88632
40.81249, 40.89566
40.81973, 40.90146
40.82560, 40.91588
40.83099, 40.91588
40.83666, 40.91588
40.84250, 40.91588
40.84795, 40.91588
40.85401, 40.91808
40.85961, 40.92793
40.86506, 40.94412
40.87091, 40.94939
40.87669, 40.95190
40.88202, 40.96916
40.88755, 40.96916
40.89330, 40.97252
40.89902, 40.97257
40.90380, 40.97257
40.90927, 40.97700
40.91475, 40.97760
40.91989, 40.99451
40.92534, 40.99451
40.93029, 40.99724
40.93603, 41.00806
40.94088, 41.00806
40.94590, 41.00806
40.95111, 41.02173
40.95638, 41.02173
40.96161, 41.03009
40.96685, 41.03221
40.97118, 41.03412
40.97620, 41.03761
40.98142, 41.04689
40.98653, 41.04698
40.99118, 41.04698
40.99592, 41.05323
41.00132, 41.06746
41.00628, 41.06746
41.01081, 41.06822
41.01587, 41.07055
41.02069, 41.07455
41.02523, 41.07650
41.02976, 41.09178
41.03424, 41.09178
41.03919, 41.10359
41.04345, 41.10359
41.04825, 41.10837
41.05294, 41.11648
41.05728, 41.11879
41.06174, 41.11879
41.06615, 41.12156
41.07065, 41.12156
41.07472, 41.12811
41.07888, 41.13036
41.08337, 41.14290
41.08749, 41.14290
41.09090, 41.14732
41.09501, 41.14885
41.09929, 41.15657
41.10321, 41.16044
41.10733, 41.16044
41.11149, 41.16252
41.11500, 41.16266
41.11893, 41.16680
41.12295, 41.17474
41.12694, 41.17906
41.13072, 41.17906
41.13450, 41.18544
41.13801, 41.18877
41.14170, 41.18941
41.14526, 41.18941
41.14881, 41.19338
41.15265, 41.19338
41.15623, 41.20097
41.15990, 41.21247
41.16299, 41.21247
41.16699, 41.22148
41.17061, 41.22148
41.17436, 41.22413
41.17795, 41.22413
41.18082, 41.23462
41.18436, 41.23462
41.18756, 41.23462
41.19125, 41.23462
41.19420, 41.23572
41.19742, 41.23995
41.20063, 41.24740
41.20380, 41.24785
41.20698, 41.24830
41.21037, 41.25370
41.21342, 41.25448
41.21632, 41.25448
41.21952, 41.25782
41.22226, 41.26204
41.22520, 41.26653
41.22868, 41.27251
41.23157, 41.27251
41.23426, 41.27529
41.23718, 41.27529
41.24003, 41.27529
41.24266, 41.27769
41.24504, 41.28079
41.24766, 41.28597
41.25024, 41.28597
41.25303, 41.29637
41.25537, 41.29637
41.25803, 41.29637
41.26026, 41.29862
41.26276, 41.30262
41.26528, 41.30262
41.26768, 41.30262
41.26992, 41.30406
41.27222, 41.30470
41.27470, 41.30864
41.27685, 41.31307
41.27895, 41.31307
41.28141, 41.31307
41.28377, 41.31581
41.28569, 41.32033
41.28772, 41.32033
41.28985, 41.32163
41.29204, 41.32398
41.29398, 41.32863
41.29603, 41.32916
41.29812, 41.32916
41.30006, 41.32938
41.30187, 41.33248
41.30379, 41.33580
41.30555, 41.33580
41.30751, 41.33946
41.30929, 41.33957
41.31144, 41.34517
41.31334, 41.34517
41.31492, 41.34517
41.31668, 41.34575
41.31840, 41.35069
41.31990, 41.35069
41.32164, 41.35410
41.32350, 41.35410
41.32510, 41.35410
41.32683, 41.35542
41.32823, 41.35695
41.32991, 41.35819
41.33136, 41.36212
41.33302, 41.36526
41.33479, 41.36526
41.33623, 41.36629
41.33746, 41.36766
41.33900, 41.37004
41.34053, 41.37034
41.34193, 41.37336
41.34345, 41.37336
41.34516, 41.37336
41.34638, 41.37608
41.34803, 41.37608
41.34931, 41.37608
41.35079, 41.37728
41.35181, 41.38293
41.35318, 41.38293
41.35471, 41.38440
41.35588, 41.38440
41.35729, 41.38440
41.35872, 41.39128
41.36001, 41.39128
41.36118, 41.39272
41.36250, 41.39272
41.36370, 41.39272
41.36494, 41.39272
41.36630, 41.39478
41.36728, 41.39478
41.36850, 41.39478
41.36950, 41.39478
41.37074, 41.39478
41.37198, 41.39881
41.37306, 41.39881
41.37409, 41.39881
41.37518, 41.39960
41.37619, 41.40187
41.37731, 41.40187
41.37844, 41.40187
41.37952, 41.40615
41.38068, 41.40615
41.38161, 41.40722
41.38272, 41.40722
41.38362, 41.40722
41.38472, 41.40770
41.38558, 41.40954
41.38649, 41.41175
41.38770, 41.41238
41.38861, 41.41275
41.38976, 41.41729
41.39047, 41.41729
41.39161, 41.41916
41.39244, 41.41916
41.39348, 41.41929
41.39429, 41.41929
41.39523, 41.41985
41.39615, 41.42501
41.39693, 41.42501
41.39777, 41.42501
41.39879, 41.42501
41.39962, 41.42501
41.40045, 41.42597
41.40120, 41.42597
41.40213, 41.42597
41.40290, 41.42829
41.40378, 41.42829
41.40484, 41.42829
41.40554, 41.43016
41.40638, 41.43016
41.40694, 41.43016
41.40795, 41.43016
41.40886, 41.43016
41.40960, 41.43041
41.41027, 41.43580
41.41114, 41.43580
41.41180, 41.43678
41.41270, 41.43678
41.41325, 41.43678
41.41409, 41.43678
41.41497, 41.43936
41.41553, 41.44489
41.41654, 41.44489
41.41697, 41.44489
41.41765, 41.44489
41.41866, 41.44489
41.41936, 41.44489
41.42003, 41.44489
41.42066, 41.44489
41.42143, 41.44489
41.42219, 41.44536
41.42297, 41.44536
41.42367, 41.44536
41.42426, 41.44941
41.42490, 41.44941
41.42574, 41.44941
41.42634, 41.44941
41.42722, 41.44941
41.42804, 41.45281
41.42885, 41.45281
41.42949, 41.45281
41.43005, 41.45281
41.43050, 41.45281
41.43132, 41.45305
41.43189, 41.45396
41.43266, 41.45396
41.43323, 41.45396
41.43392, 41.45396
41.43473, 41.45482
41.43534, 41.45591
41.43587, 41.45649
41.43672, 41.45842
41.43727, 41.45842
41.43781, 41.46029
41.43843, 41.46029
41.43911, 41.46029
41.43967, 41.46029
41.44027, 41.46029
41.44075, 41.46042
41.44136, 41.46107
41.44205, 41.46473
41.44256, 41.46473
41.44317, 41.46473
41.44383, 41.46473
41.44452, 41.46640
41.44481, 41.46640
41.44561, 41.46640
41.44617, 41.46683
41.44681, 41.47060
41.44721, 41.47329
41.44795, 41.47329
41.44844, 41.47329
41.44884, 41.47329
41.44925, 41.47329
41.44994, 41.47329
41.45047, 41.47329
41.45109, 41.47329
41.45154, 41.47329
41.45204, 41.47329
41.45236, 41.47329
41.45294, 41.47329
41.45352, 41.47329
41.45399, 41.47546
41.45445, 41.47546
41.45496, 41.47546
41.45541, 41.47630
41.45581, 41.47630
41.45641, 41.47630
41.45687, 41.47630
41.45734, 41.47917
41.45765, 41.47917
41.45808, 41.48683
41.45864, 41.48683
41.45913, 41.48683
41.45953, 41.48683
41.45982, 41.48683
41.46027, 41.48683
41.46087, 41.48683
41.46125, 41.48683
41.46169, 41.48683
41.46203, 41.48683
41.46253, 41.48683
41.46286, 41.48683
41.46314, 41.48683
41.46356, 41.48683
41.46378, 41.48683
41.46427, 41.48683
41.46467, 41.48683
41.46507, 41.48683
41.46525, 41.48683
41.46577, 41.48683
41.46608, 41.48683
41.46636, 41.48683
41.46680, 41.48683
41.46724, 41.48823
41.46749, 41.48823
41.46793, 41.48823
41.46810, 41.48906
41.46864, 41.49150
41.46899, 41.49150
41.46911, 41.49150
41.46947, 41.49150
41.46987, 41.49150
41.47025, 41.49150
41.47050, 41.49150
41.47080, 41.49150
41.47111, 41.49150
41.47142, 41.49150
41.47177, 41.49150
41.47193, 41.49150
41.47233, 41.49150
41.47251, 41.49150
41.47290, 41.49150
41.47326, 41.49204
41.47341, 41.49219
41.47382, 41.49398
41.47404, 41.49398
41.47443, 41.49398
41.47468, 41.49398
41.47506, 41.49398
41.47520, 41.49398
41.47564, 41.49398
41.47583, 41.49504
41.47614, 41.49504
41.47631, 41.49504
41.47676, 41.49520
41.47699, 41.49520
41.47718, 41.49520
41.47750, 41.49520
41.47795, 41.49592
41.47815, 41.49744
41.47849, 41.49744
41.47879, 41.49744
41.47898, 41.49744
41.47921, 41.49744
41.47959, 41.49744
41.47982, 41.50093
41.48010, 41.50093
41.48033, 41.50093
41.48063, 41.50093
41.48086, 41.50093
41.48107, 41.50223
41.48142, 41.50223
41.48169, 41.50223
41.48192, 41.50262
41.48227, 41.50262
41.48248, 41.50262
41.48287, 41.50262
41.48311, 41.50262
41.48340, 41.50262
41.48358, 41.50262
41.48377, 41.50262
41.48403, 41.50270
41.48417, 41.50270
41.48440, 41.50270
41.48467, 41.50270
41.48489, 41.50270
41.48526, 41.50270
41.48536, 41.50428
41.48564, 41.50428
41.48586, 41.50428
41.48601, 41.50428
41.48637, 41.50485
41.48655, 41.50588
41.48686, 41.50671
41.48698, 41.50671
41.48730, 41.50672
41.48748, 41.50721
41.48766, 41.50721
41.48787, 41.50721
41.48810, 41.50721
